100
399 9850
446 55877
930 45731
1515 86785
1982 50892
2834 36087
4249 37184
6296 95038
6893 44885
6924 59364
7164 66601
7258 79334
9622 61248
10307 99697
11654 97251
11721 29629
13256 89959
13382 75579
13511 47085
13693 84584
14037 71266
17581 9138
19119 4183
19200 65943
19660 49144
20083 35278
20396 85106
20603 69587
21567 28950
23435 49263
24366 11823
24417 74249
26415 41463
28114 29294
28447 39712
30492 33066
30566 31943
30917 80684
31029 52983
32431 41766
33794 55640
33840 28763
37154 23915
37636 2337
39279 16468
39354 8920
40862 60877
41452 35266
42921 79621
45172 90747
47388 58554
49795 53001
49863 97865
49991 34458
51696 54241
52806 32688
53618 8563
54488 81447
56419 77980
59229 68341
60108 29303
61829 31847
62199 18987
65481 92063
66326 46505
66866 71459
67209 70657
68131 36075
69641 97043
72267 63247
72884 6113
76451 63128
76451 66118
76802 53890
77854 88370
78317 76060
79461 65888
79633 40209
79969 74467
82424 77145
83159 34685
85128 91599
87383 93522
87571 24339
87994 40315
88409 4967
89519 78161
90167 71780
91212 63164
91379 70040
91970 21971
91994 31642
92296 10329
93982 32241
94006 2878
95312 36757
95768 42854
97886 42598
98887 30215
99117 97978
1000000